# n Actual_Comparisons Theoretical_Comparisons
2 1 1
4 4 4
6 8 7
8 10 10
10 14 13
12 18 16
14 20 19
16 22 22
18 26 25
20 30 28
22 34 31
24 38 34
26 40 37
28 42 40
30 44 43
32 46 46
34 50 49
36 54 52
38 58 55
40 62 58
42 66 61
44 70 64
46 74 67
48 78 70
50 80 73
52 82 76
54 84 79
56 86 82
58 88 85
60 90 88
62 92 91
64 94 94
66 98 97
68 102 100
70 106 103
72 110 106
74 114 109
76 118 112
78 122 115
80 126 118
82 130 121
84 134 124
86 138 127
88 142 130
90 146 133
92 150 136
94 154 139
96 158 142
98 160 145
100 162 148
102 164 151
104 166 154
106 168 157
108 170 160
110 172 163
112 174 166
114 176 169
116 178 172
118 180 175
120 182 178
122 184 181
124 186 184
126 188 187
128 190 190
130 194 193
132 198 196
134 202 199
136 206 202
138 210 205
140 214 208
142 218 211
144 222 214
146 226 217
148 230 220
150 234 223
152 238 226
154 242 229
156 246 232
158 250 235
160 254 238
162 258 241
164 262 244
166 266 247
168 270 250
170 274 253
172 278 256
174 282 259
176 286 262
178 290 265
180 294 268
182 298 271
184 302 274
186 306 277
188 310 280
190 314 283
192 318 286
194 320 289
196 322 292
198 324 295
200 326 298
202 328 301
204 330 304
206 332 307
208 334 310
210 336 313
212 338 316
214 340 319
216 342 322
218 344 325
220 346 328
222 348 331
224 350 334
226 352 337
228 354 340
230 356 343
232 358 346
234 360 349
236 362 352
238 364 355
240 366 358
242 368 361
244 370 364
246 372 367
248 374 370
250 376 373
252 378 376
254 380 379
256 382 382
258 386 385
260 390 388
262 394 391
264 398 394
266 402 397
268 406 400
270 410 403
272 414 406
274 418 409
276 422 412
278 426 415
280 430 418
282 434 421
284 438 424
286 442 427
288 446 430
290 450 433
292 454 436
294 458 439
296 462 442
298 466 445
300 470 448
302 474 451
304 478 454
306 482 457
308 486 460
310 490 463
312 494 466
314 498 469
316 502 472
318 506 475
320 510 478
322 514 481
324 518 484
326 522 487
328 526 490
330 530 493
332 534 496
334 538 499
336 542 502
338 546 505
340 550 508
342 554 511
344 558 514
346 562 517
348 566 520
350 570 523
352 574 526
354 578 529
356 582 532
358 586 535
360 590 538
362 594 541
364 598 544
366 602 547
368 606 550
370 610 553
372 614 556
374 618 559
376 622 562
378 626 565
380 630 568
382 634 571
384 638 574
386 640 577
388 642 580
390 644 583
392 646 586
394 648 589
396 650 592
398 652 595
400 654 598
402 656 601
404 658 604
406 660 607
408 662 610
410 664 613
412 666 616
414 668 619
416 670 622
418 672 625
420 674 628
422 676 631
424 678 634
426 680 637
428 682 640
430 684 643
432 686 646
434 688 649
436 690 652
438 692 655
440 694 658
442 696 661
444 698 664
446 700 667
448 702 670
450 704 673
452 706 676
454 708 679
456 710 682
458 712 685
460 714 688
462 716 691
464 718 694
466 720 697
468 722 700
470 724 703
472 726 706
474 728 709
476 730 712
478 732 715
480 734 718
482 736 721
484 738 724
486 740 727
488 742 730
490 744 733
492 746 736
494 748 739
496 750 742
498 752 745
500 754 748
502 756 751
504 758 754
506 760 757
508 762 760
510 764 763
512 766 766
514 770 769
516 774 772
518 778 775
520 782 778
522 786 781
524 790 784
526 794 787
528 798 790
530 802 793
532 806 796
534 810 799
536 814 802
538 818 805
540 822 808
542 826 811
544 830 814
546 834 817
548 838 820
550 842 823
552 846 826
554 850 829
556 854 832
558 858 835
560 862 838
562 866 841
564 870 844
566 874 847
568 878 850
570 882 853
572 886 856
574 890 859
576 894 862
578 898 865
580 902 868
582 906 871
584 910 874
586 914 877
588 918 880
590 922 883
592 926 886
594 930 889
596 934 892
598 938 895
600 942 898
602 946 901
604 950 904
606 954 907
608 958 910
610 962 913
612 966 916
614 970 919
616 974 922
618 978 925
620 982 928
622 986 931
624 990 934
626 994 937
628 998 940
630 1002 943
632 1006 946
634 1010 949
636 1014 952
638 1018 955
640 1022 958
642 1026 961
644 1030 964
646 1034 967
648 1038 970
650 1042 973
652 1046 976
654 1050 979
656 1054 982
658 1058 985
660 1062 988
662 1066 991
664 1070 994
666 1074 997
668 1078 1000
670 1082 1003
672 1086 1006
674 1090 1009
676 1094 1012
678 1098 1015
680 1102 1018
682 1106 1021
684 1110 1024
686 1114 1027
688 1118 1030
690 1122 1033
692 1126 1036
694 1130 1039
696 1134 1042
698 1138 1045
700 1142 1048
702 1146 1051
704 1150 1054
706 1154 1057
708 1158 1060
710 1162 1063
712 1166 1066
714 1170 1069
716 1174 1072
718 1178 1075
720 1182 1078
722 1186 1081
724 1190 1084
726 1194 1087
728 1198 1090
730 1202 1093
732 1206 1096
734 1210 1099
736 1214 1102
738 1218 1105
740 1222 1108
742 1226 1111
744 1230 1114
746 1234 1117
748 1238 1120
750 1242 1123
752 1246 1126
754 1250 1129
756 1254 1132
758 1258 1135
760 1262 1138
762 1266 1141
764 1270 1144
766 1274 1147
768 1278 1150
770 1280 1153
772 1282 1156
774 1284 1159
776 1286 1162
778 1288 1165
780 1290 1168
782 1292 1171
784 1294 1174
786 1296 1177
788 1298 1180
790 1300 1183
792 1302 1186
794 1304 1189
796 1306 1192
798 1308 1195
800 1310 1198
802 1312 1201
804 1314 1204
806 1316 1207
808 1318 1210
810 1320 1213
812 1322 1216
814 1324 1219
816 1326 1222
818 1328 1225
820 1330 1228
822 1332 1231
824 1334 1234
826 1336 1237
828 1338 1240
830 1340 1243
832 1342 1246
834 1344 1249
836 1346 1252
838 1348 1255
840 1350 1258
842 1352 1261
844 1354 1264
846 1356 1267
848 1358 1270
850 1360 1273
852 1362 1276
854 1364 1279
856 1366 1282
858 1368 1285
860 1370 1288
862 1372 1291
864 1374 1294
866 1376 1297
868 1378 1300
870 1380 1303
872 1382 1306
874 1384 1309
876 1386 1312
878 1388 1315
880 1390 1318
882 1392 1321
884 1394 1324
886 1396 1327
888 1398 1330
890 1400 1333
892 1402 1336
894 1404 1339
896 1406 1342
898 1408 1345
900 1410 1348
902 1412 1351
904 1414 1354
906 1416 1357
908 1418 1360
910 1420 1363
912 1422 1366
914 1424 1369
916 1426 1372
918 1428 1375
920 1430 1378
922 1432 1381
924 1434 1384
926 1436 1387
928 1438 1390
930 1440 1393
932 1442 1396
934 1444 1399
936 1446 1402
938 1448 1405
940 1450 1408
942 1452 1411
944 1454 1414
946 1456 1417
948 1458 1420
950 1460 1423
952 1462 1426
954 1464 1429
956 1466 1432
958 1468 1435
960 1470 1438
962 1472 1441
964 1474 1444
966 1476 1447
968 1478 1450
970 1480 1453
972 1482 1456
974 1484 1459
976 1486 1462
978 1488 1465
980 1490 1468
982 1492 1471
984 1494 1474
986 1496 1477
988 1498 1480
990 1500 1483
992 1502 1486
994 1504 1489
996 1506 1492
998 1508 1495
1000 1510 1498
