# n Binary_Search Ternary_Search
10 4 4
20 5 6
30 5 6
40 6 8
50 6 8
60 6 8
70 7 8
80 7 8
90 7 8
100 7 8
110 7 8
120 7 8
130 8 10
140 8 10
150 8 10
160 8 10
170 8 10
180 8 10
190 8 10
200 8 10
210 8 10
220 8 10
230 8 10
240 8 10
250 8 10
260 9 10
270 9 10
280 9 10
290 9 10
300 9 10
310 9 10
320 9 10
330 9 10
340 9 10
350 9 10
360 9 10
370 9 12
380 9 12
390 9 12
400 9 12
410 9 12
420 9 12
430 9 12
440 9 12
450 9 12
460 9 12
470 9 12
480 9 12
490 9 12
500 9 12
510 9 12
520 10 12
530 10 12
540 10 12
550 10 12
560 10 12
570 10 12
580 10 12
590 10 12
600 10 12
610 10 12
620 10 12
630 10 12
640 10 12
650 10 12
660 10 12
670 10 12
680 10 12
690 10 12
700 10 12
710 10 12
720 10 12
730 10 12
740 10 12
750 10 12
760 10 12
770 10 12
780 10 12
790 10 12
800 10 12
810 10 12
820 10 12
830 10 12
840 10 12
850 10 12
860 10 12
870 10 12
880 10 12
890 10 12
900 10 12
910 10 12
920 10 12
930 10 12
940 10 12
950 10 12
960 10 12
970 10 12
980 10 12
990 10 12
1000 10 12
