10 10 1 1 9 9 10 10
20 20 1 1 19 19 20 20
30 30 1 1 29 29 30 30
40 40 1 1 39 39 40 40
50 50 1 1 49 49 50 50
60 60 1 1 59 59 60 60
70 70 1 1 69 69 70 70
80 80 1 1 79 79 80 80
90 90 1 1 89 89 90 90
100 100 1 1 99 99 100 100
110 110 1 1 109 109 110 110
120 120 1 1 119 119 120 120
130 130 1 1 129 129 130 130
140 140 1 1 139 139 140 140
150 150 1 1 149 149 150 150
160 160 1 1 159 159 160 160
170 170 1 1 169 169 170 170
180 180 1 1 179 179 180 180
190 190 1 1 189 189 190 190
200 200 1 1 199 199 200 200
210 210 1 1 209 209 210 210
220 220 1 1 219 219 220 220
230 230 1 1 229 229 230 230
240 240 1 1 239 239 240 240
250 250 1 1 249 249 250 250
260 260 1 1 259 259 260 260
270 270 1 1 269 269 270 270
280 280 1 1 279 279 280 280
290 290 1 1 289 289 290 290
300 300 1 1 299 299 300 300
310 310 1 1 309 309 310 310
320 320 1 1 319 319 320 320
330 330 1 1 329 329 330 330
340 340 1 1 339 339 340 340
350 350 1 1 349 349 350 350
360 360 1 1 359 359 360 360
370 370 1 1 369 369 370 370
380 380 1 1 379 379 380 380
390 390 1 1 389 389 390 390
400 400 1 1 399 399 400 400
410 410 1 1 409 409 410 410
420 420 1 1 419 419 420 420
430 430 1 1 429 429 430 430
440 440 1 1 439 439 440 440
450 450 1 1 449 449 450 450
460 460 1 1 459 459 460 460
470 470 1 1 469 469 470 470
480 480 1 1 479 479 480 480
490 490 1 1 489 489 490 490
500 500 1 1 499 499 500 500
510 510 1 1 509 509 510 510
520 520 1 1 519 519 520 520
530 530 1 1 529 529 530 530
540 540 1 1 539 539 540 540
550 550 1 1 549 549 550 550
560 560 1 1 559 559 560 560
570 570 1 1 569 569 570 570
580 580 1 1 579 579 580 580
590 590 1 1 589 589 590 590
600 600 1 1 599 599 600 600
610 610 1 1 609 609 610 610
620 620 1 1 619 619 620 620
630 630 1 1 629 629 630 630
640 640 1 1 639 639 640 640
650 650 1 1 649 649 650 650
660 660 1 1 659 659 660 660
670 670 1 1 669 669 670 670
680 680 1 1 679 679 680 680
690 690 1 1 689 689 690 690
700 700 1 1 699 699 700 700
710 710 1 1 709 709 710 710
720 720 1 1 719 719 720 720
730 730 1 1 729 729 730 730
740 740 1 1 739 739 740 740
750 750 1 1 749 749 750 750
760 760 1 1 759 759 760 760
770 770 1 1 769 769 770 770
780 780 1 1 779 779 780 780
790 790 1 1 789 789 790 790
800 800 1 1 799 799 800 800
810 810 1 1 809 809 810 810
820 820 1 1 819 819 820 820
830 830 1 1 829 829 830 830
840 840 1 1 839 839 840 840
850 850 1 1 849 849 850 850
860 860 1 1 859 859 860 860
870 870 1 1 869 869 870 870
880 880 1 1 879 879 880 880
890 890 1 1 889 889 890 890
900 900 1 1 899 899 900 900
910 910 1 1 909 909 910 910
920 920 1 1 919 919 920 920
930 930 1 1 929 929 930 930
940 940 1 1 939 939 940 940
950 950 1 1 949 949 950 950
960 960 1 1 959 959 960 960
970 970 1 1 969 969 970 970
980 980 1 1 979 979 980 980
990 990 1 1 989 989 990 990
1000 1000 1 1 999 999 1000 1000
