10 15 23
20 40 58
30 71 99
40 100 150
50 133 189
60 172 234
70 205 287
80 240 344
90 275 387
100 316 464
110 357 501
120 404 570
130 451 623
140 480 694
150 515 717
160 560 770
170 595 803
180 640 882
190 691 929
200 732 1018
210 775 1071
220 824 1160
230 873 1219
240 928 1272
250 983 1285
260 1032 1368
270 1063 1431
280 1100 1528
290 1141 1587
300 1180 1692
310 1225 1751
320 1280 1798
330 1315 1833
340 1360 1926
350 1411 1999
360 1460 2070
370 1513 2175
380 1572 2154
390 1619 2259
400 1664 2344
410 1709 2459
420 1760 2502
430 1811 2575
440 1868 2586
450 1927 2601
460 1976 2780
470 2031 2749
480 2096 2790
490 2151 2719
500 2216 2822
510 2287 2919
520 2324 2988
530 2357 3091
540 2396 3186
550 2435 3253
560 2480 3352
570 2525 3357
580 2572 3456
590 2613 3543
600 2660 3654
610 2711 3707
620 2760 3788
630 2815 3843
640 2880 3916
650 2915 4071
660 2960 4140
670 3011 4213
680 3060 4244
690 3113 4347
700 3172 4372
710 3225 4485
720 3280 4536
730 3335 4387
740 3396 4496
750 3457 4605
760 3524 4692
770 3589 4791
780 3628 4884
790 3673 5005
800 3728 5068
810 3773 5103
820 3828 5220
830 3889 5299
840 3940 5424
850 3993 5507
860 4052 5578
870 4111 5631
880 4176 5764
890 4241 5869
900 4304 5976
910 4355 6085
920 4412 6090
930 4473 6183
940 4532 6244
950 4597 6371
960 4672 6354
970 4727 6415
980 4792 6406
990 4863 6489
1000 4932 6624
